1, aed 1 -51.60423 2.562392 1.203809 1;
2, aed 2 -85.684844 3.186136 0.968317 1;
3, aed 3 -119.296737 2.820771 1.093619 1;
4, aed 4 -149.693771 2.76593 1.115285 1;
5, aed 5 179.892239 3.225761 0.956435 1;
6, aed 6 149.638654 2.772242 1.112748 1;
7, aed 7 115.615176 2.983806 1.033913 1;
8, aed 8 86.070753 3.235801 0.953471 1;
9, aed 9 63.347936 2.847798 1.083248 1;
10, aed 10 29.113794 2.872245 1.074036 1;
11, aed 11 -9.343894 3.171735 0.97271 1;
12, aed 12 -33.107728 2.691367 1.14616 1;
13, aed 13 -72.780308 13.404954 1.048414 1;
14, aed 14 -108.746082 13.293645 1.057033 1;
15, aed 15 -134.995154 9.992076 1.400802 1;
16, aed 16 -162.946445 13.399647 1.048822 1;
17, aed 17 164.442914 13.498673 1.041269 1;
18, aed 18 135.122028 10.013734 1.397804 1;
19, aed 19 105.667624 13.508636 1.040515 1;
20, aed 20 65.764287 12.817639 1.095594 1;
21, aed 21 44.524659 9.924 1.410314 1;
22, aed 22 19.544521 13.215099 1.063203 1;
23, aed 23 -18.031824 13.330098 1.054194 1;
24, aed 24 -45.068058 9.981266 1.402304 1;
25, aed 25 -53.357782 17.947552 1.253577 1;
26, aed 26 -91.880708 21.972478 1.032403 1;
27, aed 27 -122.834169 18.736612 1.202563 1;
28, aed 28 -150.802546 19.372475 1.164533 1;
29, aed 29 179.570805 21.938677 1.033915 1;
30, aed 30 149.638654 19.164996 1.176659 1;
31, aed 31 113.667389 20.290945 1.113896 1;
32, aed 32 89.427419 21.982199 1.031969 1;
33, aed 33 70.72142 20.859251 1.084846 1;
34, aed 34 54.214879 17.831931 1.261438 1;
35, aed 35 36.836579 17.868021 1.258973 1;
36, aed 36 0.772507 21.93743 1.033971 1;
37, aed 37 -34.281226 18.408527 1.223233 1;
38, aed 38 -73.738201 33.611377 1.218446 1;
39, aed 39 -108.674005 33.262282 1.229741 1;
40, aed 40 -134.995154 26.054502 1.535608 1;
41, aed 41 -160.530425 33.102044 1.235011 1;
42, aed 42 164.130096 33.628941 1.217884 1;
43, aed 43 137.919524 27.16786 1.47718 1;
44, aed 44 105.667624 33.689785 1.215943 1;
45, aed 45 65.764287 32.266745 1.263397 1;
46, aed 46 44.835586 26.121164 1.531964 1;
47, aed 47 19.619449 33.077708 1.235817 1;
48, aed 48 -18.640158 33.233241 1.230692 1;
49, aed 49 -45.089088 26.021221 1.537435 1;
50, aed 50 -55.256552 36.453758 1.447797 1;
51, aed 51 -89.983654 41.955295 1.286728 1;
52, aed 52 -125.617732 36.159682 1.457946 1;
53, aed 53 -143.483693 35.788303 1.471024 1;
54, aed 54 179.26184 41.889929 1.288364 1;
55, aed 55 143.784232 35.893347 1.467295 1;
56, aed 56 125.617732 36.159682 1.457946 1;
57, aed 57 89.983654 41.955295 1.286728 1;
58, aed 58 56.580654 36.882899 1.433305 1;
59, aed 59 36.215768 35.893347 1.467295 1;
60, aed 60 0.73816 41.889929 1.288364 1;
61, aed 61 -36.516307 35.788303 1.471024 1;
62, aed 62 -134.995154 34.371012 1.671379 1;
63, aed 63 -160.530425 42.366326 1.400238 1;
64, aed 64 164.130096 42.937952 1.385155 1;
