1, aed 1 135. 22.749795 1.533518 1
2, aed 2 153.434949 1.787117 1.118578 1
3, aed 3 -90. 40.325829 1.311688 1
4, aed 4 -90. 23.278971 1.088623 1
5, aed 5 45. 22.749795 1.533518 1
6, aed 6 63.434949 1.787117 1.118578 1
7, aed 7 135. 12.066874 1.446168 1
8, aed 8 116.565051 1.787117 1.118578 1
9, aed 9 45. 12.066874 1.446168 1
10, aed 10 26.565051 1.787117 1.118578 1
11, aed 11 -135. 29.922651 1.631723 1
12, aed 12 -135. 64.762808 1.105521 1
13, aed 13 -135. 22.749795 1.533518 1
14, aed 14 -116.565051 1.787117 1.118578 1
15, aed 15 45. 29.922651 1.631723 1
16, aed 16 45. 64.762808 1.105521 1
17, aed 17 0. 40.325829 1.311688 1
18, aed 18 0. 23.278971 1.088623 1
19, aed 19 -45. 22.749795 1.533518 1
20, aed 20 -26.565051 1.787117 1.118578 1
21, aed 21 -45. 29.922651 1.631723 1
22, aed 22 -45. 64.762808 1.105521 1
23, aed 23 180. 40.325829 1.311688 1
24, aed 24 180. 23.278971 1.088623 1
25, aed 25 90. 40.325829 1.311688 1
26, aed 26 90. 23.278971 1.088623 1
27, aed 27 -45. 12.066874 1.446168 1
28, aed 28 -63.434949 1.787117 1.118578 1
29, aed 29 -135. 12.066874 1.446168 1
30, aed 30 -153.434949 1.787117 1.118578 1
31, aed 31 135. 29.922651 1.631723 1
32, aed 32 135. 64.762808 1.105521 1
