xyz 1 -0.942529 0.746926 0.053819;
xyz 2 -0.96408 0.072746 0.053819;
xyz 3 -0.952586 -0.534495 0.053819;
xyz 4 -0.562141 -0.961749 0.053819;
xyz 5 0.001796 -0.954918 0.053819;
xyz 6 0.561782 -0.959016 0.053819;
xyz 7 0.931034 -0.44638 0.053819;
xyz 8 0.949713 0.065232 0.053819;
xyz 9 0.966954 0.485314 0.053819;
xyz 10 0.521911 0.937158 0.053819;
xyz 11 -0.157687 0.958333 0.053819;
xyz 12 -0.625359 0.959016 0.053819;
xyz 13 -0.974138 0.301913 0.243056;
xyz 14 -0.974138 -0.330601 0.243056;
xyz 15 -0.975575 -0.97541 0.243056;
xyz 16 -0.29921 -0.97541 0.243056;
xyz 17 0.271552 -0.97541 0.243056;
xyz 18 0.971264 -0.97541 0.243056;
xyz 19 0.974138 -0.273224 0.243056;
xyz 20 0.974138 0.438525 0.243056;
xyz 21 0.974138 0.990437 0.243056;
xyz 22 0.346264 0.97541 0.243056;
xyz 23 -0.317529 0.97541 0.243056;
xyz 24 -0.97773 0.97541 0.243056;
xyz 25 -0.956897 0.711749 0.386285;
xyz 26 -0.956897 -0.031421 0.386285;
xyz 27 -0.956897 -0.617486 0.386285;
xyz 28 -0.53592 -0.959016 0.386285;
xyz 29 0.007184 -0.959016 0.386285;
xyz 30 0.561782 -0.959016 0.386285;
xyz 31 0.956897 -0.419399 0.386285;
xyz 32 0.956897 0.009563 0.386285;
xyz 33 0.956897 0.334699 0.386285;
xyz 34 0.974138 0.702186 0.386285;
xyz 35 0.718391 0.959016 0.386285;
xyz 36 0.012931 0.959016 0.386285;
xyz 37 -0.653736 0.959016 0.386285;
xyz 38 -0.974138 0.284153 0.674479;
xyz 39 -0.974138 -0.329235 0.674479;
xyz 40 -0.975575 -0.97541 0.674479;
xyz 41 -0.344828 -0.97541 0.674479;
xyz 42 0.277299 -0.97541 0.674479;
xyz 43 0.880747 -0.97541 0.674479;
xyz 44 0.974138 -0.273224 0.674479;
xyz 45 0.974138 0.438525 0.674479;
xyz 46 0.969828 0.97541 0.674479;
xyz 47 0.347701 0.97541 0.674479;
xyz 48 -0.329023 0.97541 0.674479;
xyz 49 -0.978448 0.97541 0.674479;
xyz 50 -0.956897 0.663661 0.860243;
xyz 51 -0.956897 0.000273 0.860243;
xyz 52 -0.956897 -0.685519 0.860243;
xyz 53 -0.710057 -0.959016 0.860243;
xyz 54 0.012356 -0.959016 0.860243;
xyz 55 0.702299 -0.959016 0.860243;
xyz 56 0.956897 -0.685519 0.860243;
xyz 57 0.956897 0.000273 0.860243;
xyz 58 0.956897 0.631421 0.860243;
xyz 59 0.702299 0.959016 0.860243;
xyz 60 0.012356 0.959016 0.860243;
xyz 61 -0.710057 0.959016 0.860243;
xyz 62 -0.975575 -0.97541 0.943576;
xyz 63 -0.344828 -0.97541 0.943576;
xyz 64 0.277299 -0.97541 0.943576;
xyz 65 0.971264 -0.97541 0.943576;
xyz 66 0.974138 0.990437 0.943576;
xyz 67 0.347701 0.97541 0.943576;
xyz 68 -0.329023 0.97541 0.943576;
xyz 69 -0.908764 0.97541 0.943576;
